0.9514747859181796 122.81690140845072
72.31208372978116 122.63764404609476
133.20647002854423 122.81690140845072
195.05233111322548 121.74135723431499
252.1408182683159 120.84507042253523
325.40437678401526 119.59026888604356
411.0371075166508 117.4391805377721
519.5052331113225 115.1088348271447
598.477640342531 113.1370038412292
694.5765937202666 110.62740076824585
799.2388201712656 107.40076824583869
879.1627021883921 104.71190781049938
945.7659372026642 101.8437900128041
999.0485252140818 99.51344430217672
