1.9029495718363592 122.63764404609476
75.16650808753568 122.81690140845072
163.6536631779258 121.74135723431499
266.4129400570885 120.84507042253523
347.2882968601332 118.87323943661974
436.7269267364415 117.4391805377721
516.6508087535681 115.28809218950066
597.5261655566128 113.31626120358516
677.4500475737393 111.34443021766967
764.9857278782113 108.11779769526251
863.9391056137013 104.89116517285534
932.4452901998097 102.56081946222793
996.1941008563274 99.87195902688862
818.2683158896289 106.68373879641487
901.9980970504282 103.99487836107556
