0.9514747859181796 75.8514724711908
84.68125594671744 75.31370038412294
129.40057088487157 74.41741357234316
177.92578496669842 73.8796414852753
252.1408182683159 72.44558258642768
336.8220742150333 70.8322663252241
429.11512844909606 68.8604353393086
513.7963843958134 66.70934699103715
599.4291151284492 64.73751600512166
655.5661274976214 63.48271446862998
709.8001902949572 61.8693982074264
764.9857278782113 60.6145966709347
822.0742150333017 58.82202304737518
905.8039961941008 56.49167733674777
999.0485252140818 53.98207426376442
