2.8544243577545387 170.3201024327785
78.02093244529021 169.78233034571065
147.47859181731684 168.348271446863
220.74215033301618 166.73495518565943
277.8306374881066 164.58386683738797
355.8515699333968 162.43277848911654
454.80494766888677 158.3098591549296
538.5347288296862 154.90396927016647
601.3320647002854 151.85659411011525
671.7411988582303 148.27144686299619
734.5385347288297 145.22407170294497
823.9771646051381 140.7426376440461
890.5803996194102 137.15749039692702
955.2806850618458 132.49679897567222
998.0970504281638 129.62868117797697
